0,alexnet,0.0,3349,1
1,gnmt,0.001,26435,1
2,deepspeech,0.002,11905,1
3,res18,0.003,30857,1
4,res50,0.004,2605,1
5,transformer,0.005,9066,1
6,mobilenet,0.006,4224,1
7,shufflenet,0.007,10819,1
8,lstm,0.008,669922,1
9,alexnet,0.009,31717,1
10,res18,0.01,40888,1
11,gnmt,0.011,22617,1
12,deepspeech,0.012,29266,1
13,res50,0.013,3039,1
14,mobilenet,0.014,35288,1
15,transformer,0.015,39629,1
16,shufflenet,0.016,28999,1
17,alexnet,0.017,11273,1
18,lstm,0.018,2293308,1
19,res18,0.019,38676,1
20,res50,0.02,2703,1
21,gnmt,0.021,30786,1
22,deepspeech,0.022,4283,1
23,mobilenet,0.023,5068,1
24,shufflenet,0.024,7146,1
25,transformer,0.025,4587,1
26,alexnet,0.026,27330,1
27,res18,0.027,12053,1
28,lstm,0.028,924454,1
29,res50,0.029,5827,1
30,mobilenet,0.03,35883,1
31,gnmt,0.031,76486,1
32,deepspeech,0.032,35830,1
33,shufflenet,0.033,3321,1
34,alexnet,0.034,5857,1
35,transformer,0.035,24830,1
36,res18,0.036,34269,1
37,res50,0.037,6049,1
38,lstm,0.038,2130732,1
39,mobilenet,0.039,4715,1
40,shufflenet,0.04,5649,1
41,gnmt,0.041,124966,1
42,deepspeech,0.042,4153,1
43,alexnet,0.043,39985,1
44,res18,0.044,3304,1
45,transformer,0.045,12009,1
46,res50,0.046,6430,1
47,mobilenet,0.047,6434,1
48,lstm,0.048,2200804,1
49,shufflenet,0.049,45859,1
50,alexnet,0.05,16623,1
51,gnmt,0.051,54442,1
52,deepspeech,0.052,10965,1
53,res18,0.053,8067,1
54,res50,0.054,21871,1
55,transformer,0.055,31970,1
56,mobilenet,0.056,4032,1
57,shufflenet,0.057,46065,1
58,lstm,0.058,751117,1
59,alexnet,0.059,4496,1
60,res18,0.06,10264,1
61,gnmt,0.061,53619,1
62,deepspeech,0.062,5287,1
63,res50,0.063,20661,1
64,mobilenet,0.064,39194,1
65,transformer,0.065,3235,1
66,shufflenet,0.066,47716,1
67,alexnet,0.067,9682,1
68,lstm,0.068,993941,1
69,res18,0.069,3984,1
70,res50,0.07,8627,1
71,gnmt,0.071,117869,1
72,deepspeech,0.072,4081,1
73,mobilenet,0.073,14349,1
74,shufflenet,0.074,6324,1
75,transformer,0.075,10000,1
76,alexnet,0.076,10412,1
77,res18,0.077,4973,1
78,lstm,0.078,668447,1
79,res50,0.079,4039,1
80,mobilenet,0.08,11428,1
81,gnmt,0.081,127171,1
82,shufflenet,0.082,31874,1
83,deepspeech,0.083,11695,1
84,alexnet,0.084,4288,1
85,transformer,0.085,10837,1
86,res18,0.086,18054,1
87,res50,0.087,26554,1
88,lstm,0.088,465382,1
89,mobilenet,0.089,7832,1
90,shufflenet,0.09,14542,1
91,gnmt,0.091,16544,1
92,deepspeech,0.092,5474,1
93,alexnet,0.093,35459,1
94,res18,0.094,8328,1
95,transformer,0.095,5378,1
96,res50,0.096,20385,1
97,mobilenet,0.097,19419,1
98,lstm,0.098,193796,1
99,shufflenet,0.099,45340,1
